7 10 5
2 0 0
12 0 0
14 2 0
14 6 0
10 10 0
14 14 0
14 18 0
12 20 0
2 20 0
0 18 0
0 2 0
4 2 0
10 2 0
11 3 0
11 6 0
9 8 0
3 8 0
3 12 0
9 12 0
11 14 0
11 17 0
10 18 0
4 18 0
3 17 0
3 3 0
2 0 10
12 0 10
14 2 10
14 6 10
10 10 10
14 14 10
14 18 10
12 20 10
2 20 10
0 18 10
0 2 10
4 2 10
10 2 10
11 3 10
11 6 10
9 8 10
3 8 10
3 12 10
9 12 10
11 14 10
11 17 10
10 18 10
4 18 10
3 17 10
3 3 10
-1 
Vertex coordinates for block uppercase 3D B
Used in COMP 4560 example program for Assignment 5.
200830 Term version

